20130530
20130529
20130528
20130527
20130525
20130524
20130523
20130522
20130521
20130520
20130519
20130518
20130517
20130516
20130515
20130514
20130513
20130512
20130511
20130510
20130509
20130508
20130507
20130506
20130505
20130504
20130503
20130502
20130501
20130429
20130428
20130427
20130426
20130425
20130424
20130423
20130422
20130421
20130420
20130419
20130418
20130417
20130416
20130415
20130414
20130413
20130412
20130411
20130410
20130409
20130408
20130407
20130406
20130405
20130404
20130403
20130402
20130401
20130330
20130329
20130328
20130327
20130326
20130325
20130324
20130323
20130322
20130321
20130320
20130319
20130318
20130317
20130316
20130315
20130314
20130313
20130312
20130311
20130310
20130309
20130308
20130307
20130306
20130305
20130304
20130303
20130302
20130301
20130227
20130226
20130225
20130224
20130223
20130222
20130221
20130220
20130219
20130218
20130217
20130216
20130215
20130214
20130213
20130212
20130211
20130210
20130209
20130208
20130207
20130206
20130205
20130204
20130203
20130202
20130201
20130130
20130129
20130128
20130127
20130126
20130125
20130124
20130123
20130122
20130121
20130120
20130119
20130118
20130117
20130116
20130115
20130114
20130113
20130112
20130111
20130110
20130109
20130108
20130107
20130106
20130105
20130104
20130103
20130102
20130101
20121230
20121229
20121228
20121227
20121226
20121220
20121219
20121218
20121217
20121216
20121215
20121214
20121213
20121212
20121211
20121210
20121209
20121208
20121207
20121206
20121205
20121204
20121203
20121202
20121201
20121129
20121128
20121127
20121126
20121125
20121124
20121123
20121122
20121121
20121120
20121119
20121118
20121117
20121116
20121115
20121114
20121113
20121112
20121111
20121110
20121109
20121108
20121107
20121106
20121105
20121104
20121103
20121102
20121101
20121030
20121029
20121028
20121027
20121026
20121025
20121024
20121023
20121022
20121021
20121020
20121019
20121018
20121017
20121016
20121015
20121014
20121013
20121012
20121011
20121010
20121009
20121008
20121007
20121006
20121005
20121004
20121003
20121002
20121001
20120929
20120928
20120927
20120926
20120925
20120924
20120923
20120922
20120921
20120920
20120919
20120918
20120917
20120916
20120915
20120914
20120913
20120912
20120911
20120910
20120909
20120908
20120907
20120906
20120905
20120904
20120903
20120902
20120901
20120830
20120829
20120828
20120827
20120826
20120825
20120824
20120823
20120822
20120821
20120820
20120819
20120818
20120817
20120816
20120815
20120814
20120813
20120812
20120811
20120810
20120809
20120808
20120807
20120806
20120805
20120804
20120803
20120802
20120801
20120730
20120729
20120728
20120727
20120726
20120725
20120724
20120723
20120722
20120721
20120720
20120719
20120718
20120717
20120716
20120715
20120714
20120713
20120712
20120711
20120710
20120709
20120708
20120707
20120706
20120705
20120704
20120703
20120702
20120701
20120629
20120628
20120627
20120626
20120625
20120624
20120623
20120622
20120621
20120620
20120619
20120618
20120617
20120616
20120615
20120614
20120613
20120612
20120611
20120610
20120609
20120608
20120607
20120606
20120605
20120604
20120603
20120602
20120601
